198
0
83
87
280
280
280
280
280
280
280
291
293
296
309
310
310
312
312
313
375
439
439
439
503
567
631
695
759
823
887
951
1015
1079
1143
1207
1271
1335
1336
1336
1349
1542
1733
1745
1757
1770
1771
1771
1771
1771
1823
1875
1939
2003
2067
2131
2195
2259
2323
2387
2451
2515
2579
2643
2707
2771
2835
2899
2963
3027
3091
3155
3219
3221
3233
3426
3439
3451
3461
3471
3471
3481
3493
3494
3558
3622
3686
3750
3814
3878
3942
4006
4070
4134
4198
4262
4326
4390
4454
4518
4582
4646
4710
4774
4838
4902
4966
5030
5094
5158
5222
5234
5244
5244
5254
5447
5457
5467
5477
5490
5491
5555
5619
5683
5747
5811
5875
5939
6003
6067
6131
6195
6259
6323
6387
6451
6503
6567
6631
6695
6759
6823
6887
6897
6907
6908
6972
7036
7100
7164
7228
7292
7356
7420
7484
7548
7612
7676
7740
7804
7868
7932
7996
8060
8124
8124
8188
8252
8316
8380
8444
8508
8572
8636
8700
8764
8828
8892
8956
9020
9084
9148
9212
9276
9340
9404
9468
9532
9596
9660
9724
9788
9852
9916
9980
10044
10108
10172
10236